File type = "ooTextFile"
Object class = "Discriminant 1"

eigen? <exists> 
numberOfEigenvalues = 4 
dimension = 4 
eigenvalues []: 
    eigenvalues [1] = 26.162371569308256 
    eigenvalues [2] = 1.9411985087998338 
    eigenvalues [3] = 0.5633018236385997 
    eigenvalues [4] = 0.09081639726335587 
eigenvectors [] []: 
    eigenvectors [1]:
        eigenvectors [1] [1] = -0.5342960788178423 
        eigenvectors [1] [2] = 0.7406677288287624 
        eigenvectors [1] [3] = -0.14561464752124006 
        eigenvectors [1] [4] = -0.3804410467586084 
    eigenvectors [2]:
        eigenvectors [2] [1] = -0.8197046434038182 
        eigenvectors [2] [2] = -0.33925136311474735 
        eigenvectors [2] [3] = 0.21456332730676886 
        eigenvectors [2] [4] = 0.40860174838350033 
    eigenvectors [3]:
        eigenvectors [3] [1] = 0.20640826000778031 
        eigenvectors [3] [2] = 0.5713189458672917 
        eigenvectors [3] [3] = 0.4638262210485217 
        eigenvectors [3] [4] = 0.6448686137202638 
    eigenvectors [4]:
        eigenvectors [4] [1] = 0.002761873034319628 
        eigenvectors [4] [2] = -0.09957153302784301 
        eigenvectors [4] [3] = 0.8471270209774688 
        eigenvectors [4] [4] = -0.5219709687307012 
numberOfGroups = 5 
groups? <exists> 
size = 5 
item []: 
    item [1]:
        class = "SSCP" 
        name = "A" 
        numberOfColumns = 4 
columnLabels []: 
"F1"	"F2"	"F3"	"Duree"	
        numberOfRows = 4 
row [1]: "F1"	404126.7381758339	392290.3343820405	-205055.12635886422	-90498.34491310317
row [2]: "F2"	392290.3343820405	914925.9197086592	136333.22641839163	-23368.181014936574
row [3]: "F3"	-205055.12635886422	136333.22641839163	3823299.5919490466	220077.01641093646
row [4]: "Duree"	-90498.34491310317	-23368.181014936574	220077.01641093646	531811.873015873
        numberOfObservations = 126 
        centroid []: 
            centroid [1] = 638.037335349206 
            centroid [2] = 1096.2996062658733 
            centroid [3] = 2661.1793834841283 
            centroid [4] = 260.968253968254 
    item [2]:
        class = "SSCP" 
        name = "I" 
        numberOfColumns = 4 
columnLabels []: 
"F1"	"F2"	"F3"	"Duree"	
        numberOfRows = 4 
row [1]: "F1"	171262.4143255324	-43301.73564917374	-336135.06292823446	-25233.163673833355
row [2]: "F2"	-43301.73564917374	2474504.457243792	3041681.9385008616	120454.63711771416
row [3]: "F3"	-336135.06292823446	3041681.9385008616	7042890.993782338	35720.07852690476
row [4]: "Duree"	-25233.163673833355	120454.63711771416	35720.07852690476	628660.8571428573
        numberOfObservations = 126 
        centroid []: 
            centroid [1] = 302.25163155555566 
            centroid [2] = 2266.5171233571414 
            centroid [3] = 3016.1973468968254 
            centroid [4] = 196.76190476190476 
    item [3]:
        class = "SSCP" 
        name = "a" 
        numberOfColumns = 4 
columnLabels []: 
"F1"	"F2"	"F3"	"Duree"	
        numberOfRows = 4 
row [1]: "F1"	1140052.979430662	-157729.06522441484	798560.457311864	-212547.73930293648
row [2]: "F2"	-157729.06522441484	1136756.1800816928	616767.4653913052	-99549.07164274603
row [3]: "F3"	798560.457311864	616767.4653913052	4216293.976069305	150666.64244347607
row [4]: "Duree"	-212547.73930293648	-99549.07164274603	150666.64244347607	424544.82539682527
        numberOfObservations = 126 
        centroid []: 
            centroid [1] = 748.7817938253969 
            centroid [2] = 1516.6712053015874 
            centroid [3] = 2518.2003126904774 
            centroid [4] = 159.73015873015873 
    item [4]:
        class = "SSCP" 
        name = "i" 
        numberOfColumns = 4 
columnLabels []: 
"F1"	"F2"	"F3"	"Duree"	
        numberOfRows = 4 
row [1]: "F1"	183880.79996824404	-60446.88734235415	65376.195798956054	-26546.123189198417
row [2]: "F2"	-60446.88734235415	2228273.267315599	1799238.1858888725	71214.50152669849
row [3]: "F3"	65376.195798956054	1799238.1858888725	4271958.404305784	247766.47066390482
row [4]: "Duree"	-26546.123189198417	71214.50152669849	247766.47066390482	127283.4682539683
        numberOfObservations = 126 
        centroid []: 
            centroid [1] = 427.0966126507936 
            centroid [2] = 1980.1651913492065 
            centroid [3] = 2671.4842849523816 
            centroid [4] = 124.48412698412699 
    item [5]:
        class = "SSCP" 
        name = "v" 
        numberOfColumns = 4 
columnLabels []: 
"F1"	"F2"	"F3"	"Duree"	
        numberOfRows = 4 
row [1]: "F1"	370665.5679531006	321964.5636430261	103131.70638195884	-25134.788198595263
row [2]: "F2"	321964.5636430261	1290527.604262909	3799.1372952671427	77691.8106306865
row [3]: "F3"	103131.70638195884	3799.1372952671427	3938815.195983191	83912.34118485714
row [4]: "Duree"	-25134.788198595263	77691.8106306865	83912.34118485714	105353.65873015874
        numberOfObservations = 126 
        centroid []: 
            centroid [1] = 679.2594625952384 
            centroid [2] = 1203.2759094801584 
            centroid [3] = 2603.897442142857 
            centroid [4] = 129.67460317460316 
total? <exists> 
numberOfColumns = 4 
columnLabels []: 
"F1"	"F2"	"F3"	"Duree"	
numberOfRows = 4 
row [1]: "F1"	19915603.040408127	-40448446.11415155	-15519062.121072263	-440172.30434832926
row [2]: "F2"	-40448446.11415155	134804315.64380336	40009059.986118965	-3470423.0231982595
row [3]: "F3"	-15519062.121072263	40009059.986118965	41490064.48267466	2262303.2761231987
row [4]: "Duree"	-440172.30434832926	-3470423.0231982595	2262303.2761231987	3418011.942857143
numberOfObservations = 630 
centroid []: 
    centroid [1] = 559.0853671952375 
    centroid [2] = 1612.5858071507937 
    centroid [3] = 2694.191754033336 
    centroid [4] = 174.32380952380953 
aprioriProbabilities []: 
    aprioriProbabilities [1] = 0.2 
    aprioriProbabilities [2] = 0.2 
    aprioriProbabilities [3] = 0.2 
    aprioriProbabilities [4] = 0.2 
    aprioriProbabilities [5] = 0.2 
costs [] []: 
    costs [1]:
        costs [1] [1] = 0 
        costs [1] [2] = 1 
        costs [1] [3] = 1 
        costs [1] [4] = 1 
        costs [1] [5] = 1 
    costs [2]:
        costs [2] [1] = 1 
        costs [2] [2] = 0 
        costs [2] [3] = 1 
        costs [2] [4] = 1 
        costs [2] [5] = 1 
    costs [3]:
        costs [3] [1] = 1 
        costs [3] [2] = 1 
        costs [3] [3] = 0 
        costs [3] [4] = 1 
        costs [3] [5] = 1 
    costs [4]:
        costs [4] [1] = 1 
        costs [4] [2] = 1 
        costs [4] [3] = 1 
        costs [4] [4] = 0 
        costs [4] [5] = 1 
    costs [5]:
        costs [5] [1] = 1 
        costs [5] [2] = 1 
        costs [5] [3] = 1 
        costs [5] [4] = 1 
        costs [5] [5] = 0 
